1000

          10    -6.65046
          20    -6.64657
          30    -6.63329
          40    -6.61516
          50    -6.60544
          60    -6.59638
          70    -6.59022
          80    -6.58665
          90    -6.58276
         100    -6.57919
         110    -6.57628
         120    -6.57595
         130    -6.57466
         140    -6.57369
         150     -6.5737
         160    -6.57338
         170    -6.57403
         180    -6.57306
         190    -6.57144
         200    -6.57209
         210    -6.57501
         220    -6.57371
         230      -6.575
         240    -6.57468
         250    -6.57565
         260    -6.57629
         270    -6.57629
         280     -6.5792
         290    -6.57888
         300    -6.58082
         310    -6.58341
         320    -6.58341
         330    -6.58406
         340    -6.58374
         350    -6.58504
         360    -6.58536
         370    -6.58601
         380    -6.58763
         390    -6.58634
         400    -6.58504
         410    -6.58569
         420    -6.58601
         430    -6.58601
         440    -6.58407
         450    -6.58278
         460     -6.5844
         470    -6.58375
         480    -6.58278
         490    -6.58278
         500    -6.58375
         510    -6.58439
         520     -6.5831
         530    -6.58212
         540     -6.5805
         550    -6.58018
         560    -6.58051
         570    -6.58148
         580    -6.58115
         590     -6.5818
         600    -6.58245
         610    -6.58245
         620    -6.58116
         630    -6.58051
         640    -6.58148
         650    -6.58245
         660    -6.58148
         670    -6.58181
         680    -6.58375
         690     -6.5831
         700     -6.5844
         710    -6.58472
         720    -6.58375
         730    -6.58407
         740    -6.58698
         750    -6.58698
         760    -6.58731
         770    -6.58634
         780    -6.58763
         790    -6.58731
         800    -6.58569
         810    -6.58504
         820    -6.58537
         830    -6.58634
         840    -6.58699
         850    -6.58699
         860    -6.58666
         870    -6.58731
         880    -6.58796
         890    -6.58699
         900    -6.58537
         910    -6.58601
         920    -6.58666
         930    -6.58342
         940    -6.58342
         950    -6.58504
         960    -6.58245
         970    -6.58278
         980    -6.57986
         990    -6.57954
        1000    -6.58051
