1000

          10      1.1898
          20     1.15475
          30     1.09587
          40     1.01512
          50    0.915578
          60    0.802059
          70    0.681374
          80    0.562059
          90     0.45361
         100    0.365031
         110    0.303138
         120    0.271121
         130    0.268051
         140     0.28941
         150    0.328339
         160    0.377129
         170    0.428505
         180    0.476476
         190    0.516679
         200    0.546522
         210    0.565079
         220    0.572861
         230    0.571539
         240    0.563731
         250    0.552472
         260    0.540982
         270    0.532176
         280    0.528338
         290    0.530847
         300    0.540052
         310     0.55536
         320    0.575396
         330    0.598366
         340    0.622354
         350    0.645704
         360    0.667148
         370    0.685903
         380     0.70164
         390    0.714265
         400    0.723749
         410    0.729913
         420    0.732505
         430    0.731173
         440    0.725611
         450    0.715597
         460    0.701162
         470    0.682683
         480    0.660989
         490    0.637229
         500    0.612805
         510    0.589279
         520    0.568262
         530    0.551221
         540    0.539216
         550    0.532867
         560    0.532218
         570    0.536767
         580    0.545632
         590    0.557633
         600    0.571427
         610    0.585629
         620    0.598988
         630    0.610544
         640    0.619668
         650    0.626103
         660    0.629822
         670    0.630966
         680    0.629876
         690     0.62705
         700    0.623098
         710    0.618774
         720     0.61494
         730    0.612394
         740    0.611676
         750    0.613061
         760    0.616609
         770    0.622098
         780    0.629115
         790    0.637146
         800    0.645536
         810    0.653494
         820    0.660216
         830    0.664981
         840    0.667333
         850    0.667143
         860    0.664595
         870    0.660136
         880    0.654351
         890    0.647776
         900    0.640917
         910    0.634075
         920    0.627285
         930    0.620499
         940    0.613429
         950    0.605649
         960    0.596793
         970    0.586648
         980    0.575227
         990    0.562919
        1000    0.550506
