1000

          10    -7.84025
          20    -7.80132
          30    -7.72916
          40    -7.63028
          50    -7.52102
          60    -7.39843
          70    -7.27159
          80    -7.14871
          90    -7.03637
         100    -6.94422
         110    -6.87942
         120    -6.84708
         130    -6.84271
         140    -6.86311
         150    -6.90204
         160    -6.95051
         170    -7.00254
         180    -7.04954
         190    -7.08812
         200    -7.11861
         210    -7.14009
         220    -7.14657
         230    -7.14654
         240    -7.13841
         250    -7.12812
         260    -7.11727
         270    -7.10847
         280    -7.10754
         290    -7.10973
         300    -7.12087
         310    -7.13877
         320    -7.15881
         330    -7.18243
         340    -7.20609
         350    -7.23074
         360    -7.25251
         370    -7.27191
         380    -7.28927
         390     -7.3006
         400    -7.30879
         410     -7.3156
         420    -7.31852
         430    -7.31719
         440    -7.30968
         450    -7.29837
         460    -7.28556
         470    -7.26643
         480    -7.24377
         490    -7.22001
         500    -7.19655
         510    -7.17367
         520    -7.15136
         530    -7.13335
         540    -7.11972
         550    -7.11305
         560    -7.11272
         570    -7.11824
         580    -7.12679
         590    -7.13944
         600    -7.15388
         610    -7.16808
         620    -7.18015
         630    -7.19106
         640    -7.20115
         650    -7.20856
         660    -7.21131
         670    -7.21277
         680    -7.21362
         690    -7.21015
         700    -7.20749
         710    -7.20349
         720    -7.19869
         730    -7.19646
         740    -7.19866
         750    -7.20004
         760    -7.20392
         770    -7.20843
         780    -7.21675
         790    -7.22445
         800    -7.23123
         810    -7.23854
         820    -7.24558
         830    -7.25132
         840    -7.25432
         850    -7.25413
         860    -7.25126
         870    -7.24745
         880    -7.24231
         890    -7.23476
         900    -7.22628
         910    -7.22009
         920    -7.21395
         930    -7.20392
         940    -7.19685
         950    -7.19069
         960    -7.17925
         970    -7.16943
         980    -7.15509
         990    -7.14246
        1000    -7.13102
