1000

          10    -6.36345
          20    -6.35886
          30    -6.35066
          40    -6.33836
          50    -6.32021
          60    -6.29552
          70    -6.26426
          80     -6.2239
          90    -6.17422
         100    -6.11468
         110    -6.04545
         120    -5.96688
         130    -5.88113
         140    -5.78983
         150    -5.70119
         160    -5.61789
         170     -5.5462
         180    -5.48924
         190    -5.45012
         200    -5.42911
         210    -5.42317
         220    -5.43134
         230    -5.44762
         240    -5.47064
         250    -5.49636
         260     -5.5238
         270    -5.54905
         280    -5.57308
         290    -5.59266
         300    -5.60931
         310    -5.62225
         320     -5.6315
         330     -5.6374
         340    -5.64062
         350    -5.64175
         360     -5.6388
         370    -5.63197
         380     -5.6223
         390    -5.61098
         400    -5.59768
         410    -5.58441
         420    -5.57295
         430    -5.56276
         440    -5.55664
         450    -5.55408
         460     -5.5551
         470    -5.56209
         480    -5.57033
         490    -5.58081
         500    -5.59164
         510    -5.60166
         520    -5.60975
         530    -5.61523
         540    -5.61714
         550    -5.61633
         560    -5.61398
         570    -5.61078
         580    -5.60611
         590    -5.60182
         600    -5.59884
         610    -5.59755
         620    -5.59748
         630    -5.59996
         640    -5.60335
         650    -5.60679
         660    -5.61065
         670    -5.61384
         680    -5.61701
         690    -5.61941
         700       -5.62
         710    -5.61858
         720    -5.61618
         730    -5.61152
         740    -5.60588
         750    -5.59791
         760    -5.58988
         770    -5.58164
         780    -5.57379
         790    -5.56899
         800    -5.56482
         810    -5.56276
         820    -5.56115
         830    -5.55989
         840    -5.55892
         850    -5.55788
         860    -5.55655
         870    -5.55341
         880    -5.54913
         890    -5.54508
         900    -5.54001
         910     -5.5345
         920    -5.52986
         930    -5.52759
         940    -5.52797
         950    -5.53078
         960    -5.53513
         970    -5.54034
         980     -5.5468
         990    -5.55397
        1000    -5.55994
