1000

          10      1.6487
          20     1.64411
          30     1.63592
          40     1.62361
          50     1.60652
          60     1.58379
          70     1.55435
          80     1.51701
          90     1.47064
         100     1.41428
         110     1.34747
         120     1.27071
         130     1.18587
         140     1.09638
         150     1.00714
         160     0.92384
         170    0.851855
         180    0.795198
         190    0.755923
         200    0.734007
         210    0.727766
         220    0.734421
         230    0.750696
         240    0.773268
         250    0.799137
         260    0.825814
         270    0.851374
         280    0.874487
         290    0.894375
         300    0.910721
         310    0.923508
         320    0.932914
         330    0.939111
         340    0.942183
         350    0.942108
         360    0.938849
         370    0.932474
         380    0.923259
         390    0.911787
         400    0.898948
         410    0.885823
         420    0.873611
         430     0.86357
         440    0.856845
         450    0.854294
         460    0.856211
         470    0.862147
         480    0.870995
         490    0.881315
         500    0.891695
         510    0.900962
         520    0.908293
         530    0.913168
         540    0.915383
         550    0.915029
         560    0.912527
         570    0.908568
         580     0.90405
         590     0.89991
         600    0.896933
         610     0.89564
         620     0.89618
         630     0.89836
         640    0.901745
         650    0.905792
         660    0.909952
         670    0.913743
         680    0.916768
         690    0.918707
         700    0.919301
         710    0.918328
         720    0.915631
         730    0.911125
         740    0.904876
         750    0.897208
         760    0.888729
         770    0.880332
         780    0.872945
         790     0.86723
         800    0.863365
         810    0.861004
         820    0.859541
         830    0.858431
         840    0.857317
         850    0.855975
         860    0.854185
         870    0.851652
         880    0.848125
         890    0.843626
         900    0.838559
         910    0.833653
         920    0.829767
         930    0.827644
         940    0.827727
         950    0.830085
         960    0.834435
         970    0.840242
         980    0.846855
         990    0.853569
        1000     0.85969
