1000

          10         1.2
          20     1.20001
          30     1.20002
          40     1.20003
          50     1.20005
          60     1.20008
          70      1.2001
          80     1.20014
          90     1.20017
         100     1.20021
         110     1.20026
         120     1.20031
         130     1.20036
         140     1.20042
         150     1.20049
         160     1.20056
         170     1.20063
         180     1.20072
         190      1.2008
         200     1.20089
         210     1.20099
         220     1.20109
         230      1.2012
         240     1.20132
         250     1.20144
         260     1.20157
         270      1.2017
         280     1.20184
         290     1.20199
         300     1.20215
         310     1.20231
         320     1.20248
         330     1.20266
         340     1.20284
         350     1.20303
         360     1.20324
         370     1.20345
         380     1.20367
         390      1.2039
         400     1.20413
         410     1.20438
         420     1.20464
         430     1.20491
         440     1.20519
         450     1.20548
         460     1.20579
         470     1.20611
         480     1.20644
         490     1.20678
         500     1.20714
         510     1.20751
         520     1.20789
         530      1.2083
         540     1.20872
         550     1.20915
         560      1.2096
         570     1.21008
         580     1.21057
         590     1.21108
         600     1.21161
         610     1.21217
         620     1.21274
         630     1.21334
         640     1.21397
         650     1.21462
         660      1.2153
         670       1.216
         680     1.21674
         690      1.2175
         700      1.2183
         710     1.21913
         720     1.21999
         730     1.22089
         740     1.22182
         750     1.22279
         760     1.22381
         770     1.22486
         780     1.22596
         790      1.2271
         800     1.22829
         810     1.22953
         820     1.23081
         830     1.23215
         840     1.23354
         850     1.23499
         860     1.23649
         870     1.23805
         880     1.23967
         890     1.24136
         900     1.24311
         910     1.24492
         920     1.24679
         930     1.24873
         940     1.25074
         950      1.2528
         960     1.25493
         970     1.25711
         980     1.25935
         990     1.26162
        1000     1.26393
