1000

          10    -4.71475
          20    -4.71475
          30    -4.71475
          40    -4.71475
          50    -4.71369
          60    -4.71173
          70    -4.70992
          80     -4.7069
          90    -4.70357
         100     -4.7004
         110    -4.69799
         120    -4.69617
         130    -4.69526
         140    -4.69345
         150    -4.69405
         160    -4.69405
         170    -4.69435
         180    -4.69404
         190    -4.69419
         200     -4.6951
         210    -4.69541
         220    -4.69692
         230    -4.69692
         240    -4.69738
         250    -4.69723
         260    -4.69798
         270    -4.69768
         280    -4.69859
         290    -4.69829
         300    -4.69859
         310    -4.69874
         320    -4.69859
         330    -4.69828
         340    -4.69844
         350    -4.69964
         360    -4.69995
         370    -4.69949
         380    -4.69904
         390    -4.69919
         400    -4.69874
         410    -4.69858
         420    -4.69934
         430    -4.69919
         440    -4.69979
         450    -4.69979
         460    -4.69888
         470    -4.69994
         480    -4.69934
         490    -4.69949
         500    -4.69995
         510     -4.7007
         520    -4.70146
         530    -4.70206
         540    -4.70176
         550    -4.70131
         560    -4.70146
         570    -4.70221
         580    -4.70206
         590    -4.70191
         600    -4.70191
         610    -4.70191
         620     -4.7013
         630    -4.70161
         640    -4.70161
         650      -4.701
         660     -4.7007
         670     -4.7001
         680    -4.70025
         690     -4.7007
         700     -4.7007
         710    -4.70025
         720    -4.70055
         730     -4.7004
         740      -4.701
         750     -4.7007
         760    -4.70115
         770     -4.7013
         780    -4.70085
         790    -4.70176
         800    -4.70145
         810    -4.70176
         820    -4.70161
         830    -4.70146
         840    -4.70161
         850    -4.70191
         860    -4.70236
         870    -4.70176
         880      -4.701
         890    -4.70146
         900    -4.70146
         910    -4.70085
         920    -4.70009
         930    -4.69994
         940    -4.70024
         950     -4.7007
         960     -4.7007
         970     -4.7001
         980    -4.69994
         990     -4.7004
        1000    -4.70025
