1000

          10     1.09913
          20     1.09608
          30     1.09061
          40     1.08241
          50     1.07102
          60     1.05586
          70     1.03623
          80     1.01134
          90    0.980428
         100    0.942851
         110    0.898313
         120    0.847141
         130    0.790579
         140    0.730919
         150    0.671424
         160    0.615894
         170    0.567903
         180    0.530132
         190    0.503949
         200    0.489338
         210    0.485177
         220    0.489614
         230    0.500464
         240    0.515512
         250    0.532758
         260    0.550542
         270    0.567583
         280    0.582991
         290     0.59625
         300    0.607147
         310    0.615672
         320    0.621943
         330    0.626074
         340    0.628122
         350    0.628072
         360      0.6259
         370    0.621649
         380    0.615506
         390    0.607858
         400    0.599299
         410    0.590549
         420    0.582407
         430    0.575714
         440     0.57123
         450    0.569529
         460    0.570807
         470    0.574765
         480    0.580663
         490    0.587544
         500    0.594463
         510    0.600641
         520    0.605529
         530    0.608778
         540    0.610256
         550    0.610019
         560    0.608351
         570    0.605712
         580      0.6027
         590     0.59994
         600    0.597955
         610    0.597093
         620    0.597453
         630    0.598906
         640    0.601163
         650    0.603861
         660    0.606635
         670    0.609162
         680    0.611179
         690    0.612471
         700    0.612868
         710    0.612218
         720    0.610421
         730    0.607417
         740    0.603251
         750    0.598139
         760    0.592486
         770    0.586888
         780    0.581963
         790    0.578153
         800    0.575577
         810    0.574003
         820    0.573027
         830    0.572287
         840    0.571545
         850     0.57065
         860    0.569456
         870    0.567768
         880    0.565416
         890    0.562417
         900    0.559039
         910    0.555768
         920    0.553178
         930    0.551763
         940    0.551818
         950     0.55339
         960     0.55629
         970    0.560161
         980     0.56457
         990    0.569046
        1000    0.573127
