1000

          10  -0.0318398
          20  -0.0318488
          30  -0.0318643
          40  -0.0318863
          50  -0.0319148
          60  -0.0319498
          70  -0.0319915
          80  -0.0320398
          90  -0.0320949
         100  -0.0321568
         110  -0.0322255
         120  -0.0323012
         130   -0.032384
         140  -0.0324764
         150  -0.0325784
         160  -0.0326952
         170  -0.0328245
         180  -0.0329714
         190  -0.0331194
         200  -0.0332829
         210  -0.0334456
         220  -0.0336193
         230  -0.0338209
         240    -0.03402
         250  -0.0342379
         260  -0.0344488
         270  -0.0346624
         280  -0.0348929
         290  -0.0351409
         300  -0.0353948
         310  -0.0356667
         320  -0.0359475
         330  -0.0362327
         340  -0.0365344
         350  -0.0368437
         360  -0.0371776
         370   -0.037515
         380  -0.0378612
         390  -0.0382238
         400  -0.0385936
         410  -0.0389736
         420  -0.0393667
         430  -0.0397995
         440  -0.0402301
         450  -0.0406732
         460  -0.0411295
         470  -0.0416258
         480  -0.0421369
         490  -0.0426658
         500   -0.043211
         510  -0.0437709
         520  -0.0443583
         530  -0.0449692
         540  -0.0456093
         550  -0.0462632
         560  -0.0469532
         570   -0.047678
         580    -0.04842
         590  -0.0491919
         600  -0.0499976
         610  -0.0508335
         620  -0.0516868
         630  -0.0525923
         640  -0.0535348
         650  -0.0545229
         660   -0.055551
         670  -0.0566137
         680  -0.0577223
         690  -0.0588762
         700  -0.0600748
         710  -0.0613176
         720   -0.062609
         730  -0.0639583
         740    -0.06537
         750  -0.0668296
         760  -0.0683585
         770  -0.0699377
         780  -0.0715933
         790   -0.073311
         800  -0.0750935
         810  -0.0769529
         820  -0.0788822
         830  -0.0808842
         840  -0.0829781
         850  -0.0851476
         860  -0.0874024
         870  -0.0897452
         880  -0.0921712
         890  -0.0946947
         900  -0.0973199
         910   -0.100034
         920   -0.102859
         930   -0.105777
         940   -0.108777
         950   -0.111884
         960    -0.11508
         970   -0.118352
         980   -0.121701
         990   -0.125107
        1000   -0.128564
