1000

          10    0.793197
          20    0.769832
          30    0.730577
          40    0.676746
          50    0.610385
          60    0.534706
          70    0.454249
          80    0.374706
          90    0.302407
         100    0.243354
         110    0.202092
         120    0.180747
         130    0.178701
         140     0.19294
         150    0.218893
         160    0.251419
         170     0.28567
         180    0.317651
         190    0.344453
         200    0.364348
         210    0.376719
         220    0.381907
         230    0.381026
         240    0.375821
         250    0.368314
         260    0.360655
         270    0.354784
         280    0.352225
         290    0.353898
         300    0.360035
         310     0.37024
         320    0.383597
         330    0.398911
         340    0.414903
         350    0.430469
         360    0.444765
         370    0.457268
         380     0.46776
         390    0.476177
         400    0.482499
         410    0.486608
         420    0.488337
         430    0.487449
         440    0.483741
         450    0.477065
         460    0.467441
         470    0.455122
         480     0.44066
         490    0.424819
         500    0.408537
         510    0.392852
         520    0.378841
         530    0.367481
         540    0.359477
         550    0.355244
         560    0.354812
         570    0.357845
         580    0.363755
         590    0.371755
         600    0.380951
         610    0.390419
         620    0.399326
         630    0.407029
         640    0.413112
         650    0.417402
         660    0.419882
         670    0.420644
         680    0.419917
         690    0.418033
         700    0.415398
         710    0.412516
         720     0.40996
         730    0.408262
         740    0.407784
         750    0.408707
         760    0.411073
         770    0.414732
         780     0.41941
         790    0.424764
         800    0.430358
         810    0.435663
         820    0.440144
         830    0.443321
         840    0.444888
         850    0.444762
         860    0.443063
         870    0.440091
         880    0.436234
         890     0.43185
         900    0.427278
         910    0.422717
         920     0.41819
         930    0.413666
         940    0.408953
         950    0.403766
         960    0.397862
         970    0.391098
         980    0.383484
         990    0.375279
        1000    0.367004
