1000

          10         1.8
          20     1.80001
          30     1.80003
          40     1.80005
          50     1.80008
          60     1.80011
          70     1.80015
          80      1.8002
          90     1.80026
         100     1.80032
         110     1.80039
         120     1.80046
         130     1.80055
         140     1.80064
         150     1.80073
         160     1.80084
         170     1.80095
         180     1.80107
         190      1.8012
         200     1.80134
         210     1.80149
         220     1.80164
         230      1.8018
         240     1.80198
         250     1.80216
         260     1.80235
         270     1.80255
         280     1.80276
         290     1.80299
         300     1.80322
         310     1.80346
         320     1.80372
         330     1.80398
         340     1.80426
         350     1.80455
         360     1.80485
         370     1.80517
         380      1.8055
         390     1.80584
         400      1.8062
         410     1.80657
         420     1.80696
         430     1.80737
         440     1.80779
         450     1.80823
         460     1.80868
         470     1.80916
         480     1.80965
         490     1.81017
         500      1.8107
         510     1.81126
         520     1.81184
         530     1.81244
         540     1.81307
         550     1.81373
         560     1.81441
         570     1.81512
         580     1.81585
         590     1.81662
         600     1.81742
         610     1.81825
         620     1.81911
         630     1.82002
         640     1.82095
         650     1.82193
         660     1.82295
         670       1.824
         680     1.82511
         690     1.82625
         700     1.82745
         710     1.82869
         720     1.82998
         730     1.83133
         740     1.83273
         750     1.83419
         760     1.83571
         770     1.83729
         780     1.83894
         790     1.84065
         800     1.84243
         810     1.84429
         820     1.84622
         830     1.84822
         840     1.85031
         850     1.85248
         860     1.85474
         870     1.85708
         880     1.85951
         890     1.86204
         900     1.86466
         910     1.86737
         920     1.87019
         930      1.8731
         940     1.87611
         950     1.87921
         960      1.8824
         970     1.88567
         980     1.88902
         990     1.89243
        1000     1.89589
