1000

          10     1.76816
          20     1.76816
          30     1.76816
          40     1.76816
          50     1.76816
          60     1.76816
          70     1.76816
          80     1.76816
          90     1.76816
         100     1.76816
         110     1.76816
         120     1.76816
         130     1.76816
         140     1.76816
         150     1.76816
         160     1.76814
         170     1.76813
         180      1.7681
         190     1.76808
         200     1.76806
         210     1.76804
         220     1.76802
         230     1.76798
         240     1.76796
         250     1.76792
         260      1.7679
         270     1.76789
         280     1.76787
         290     1.76785
         300     1.76782
         310      1.7678
         320     1.76777
         330     1.76775
         340     1.76773
         350     1.76771
         360     1.76768
         370     1.76766
         380     1.76764
         390     1.76762
         400     1.76761
         410      1.7676
         420      1.7676
         430     1.76757
         440     1.76756
         450     1.76755
         460     1.76755
         470     1.76753
         480     1.76752
         490      1.7675
         500     1.76749
         510     1.76749
         520     1.76748
         530     1.76748
         540     1.76746
         550     1.76746
         560     1.76745
         570     1.76744
         580     1.76743
         590     1.76743
         600     1.76742
         610     1.76742
         620     1.76743
         630     1.76742
         640     1.76742
         650     1.76741
         660     1.76739
         670     1.76739
         680     1.76738
         690     1.76738
         700     1.76737
         710     1.76737
         720     1.76737
         730     1.76737
         740     1.76736
         750     1.76736
         760     1.76735
         770     1.76735
         780     1.76735
         790     1.76734
         800     1.76734
         810     1.76734
         820     1.76734
         830     1.76734
         840     1.76733
         850     1.76733
         860     1.76733
         870     1.76733
         880     1.76734
         890     1.76734
         900     1.76734
         910     1.76734
         920     1.76733
         930     1.76732
         940     1.76733
         950     1.76732
         960     1.76732
         970     1.76732
         980     1.76732
         990     1.76733
        1000     1.76733
