0.108945   0.248959   -0.345529   
-0.13041   0.232358   -0.400487   
0.24371   0.428578   0.230965   
-0.0123006   -0.41678   -0.255472   
-0.445201   0.37761   -0.219367   
-0.430611   0.429074   -0.466789   
-0.0443045   -0.261735   0.0519247   
-0.107367   -0.0839698   -0.0420509   
-0.40171   -0.391944   -0.210991   
0.43303   0.225224   -0.118888   
-0.448224   -0.211256   -0.332317   
0.236026   -0.406686   0.0291821   
-0.409486   0.147921   0.379562   
-0.000982515   0.180814   -0.199062   
-0.407341   -0.168617   0.33477   
-0.455542   0.0097292   -0.101281   
0.147517   -0.0199452   -0.498031   
0.0709853   0.223414   0.423547   
0.340383   0.11061   -0.455001   
-0.0514417   0.0623595   0.497202   
-0.134569   0.180792   0.323137   
-0.333929   0.250276   0.209283   
0.23359   0.0965941   -0.00867924   
-0.459269   -0.0316795   -0.4391   
-0.202885   -0.267339   -0.131269   
-0.471892   -0.00419979   0.237377   
-0.17606   0.350411   0.436775   
0.202121   -0.462665   0.429592   
0.214268   -0.186565   -0.223798   
-0.231857   -0.370728   -0.335614   
0.388383   0.128588   0.331247   
-0.112647   -0.382731   0.451366   
-0.293964   -0.0577992   -0.196963   
-0.135696   0.0497346   -0.249964   
-0.421153   0.10775   0.067067   
-0.450832   -0.121434   0.0449322   
0.228788   0.317968   0.0437611   
-0.100144   -0.221667   0.307523   
-0.38595   0.491064   -0.0648877   
0.386506   -0.421584   0.140872   
0.240631   0.468366   -0.382617   
-0.253739   -0.335433   0.314656   
0.211493   0.0697416   -0.287299   
0.0230364   -0.0472554   -0.334497   
-0.494882   -0.425533   0.313041   
-0.244518   0.403789   0.0737749   
0.338437   0.290486   -0.336508   
0.202984   -0.368183   0.252405   
0.199506   -0.391821   -0.192218   
-0.291643   0.0466801   0.202663   
0.0351112   -0.0342971   0.316629   
0.093085   0.434229   -0.0478713   
-0.430307   -0.20146   -0.140361   
-0.27657   -0.209003   0.105585   
0.087235   -0.0267501   -0.112532   
0.368437   0.17511   0.102641   
0.393546   0.484571   0.458107   
0.488634   0.356394   0.328713   
-0.22598   -0.0327878   -0.426966   
0.0613419   0.0125349   0.0684442   
0.0681169   -0.289606   0.411723   
-0.410553   -0.33839   0.496293   
0.407185   0.360922   0.0318993   
0.0486319   0.356617   0.189064   
0.0438224   -0.243503   -0.376561   
0.213877   0.197676   0.211827   
0.11181   -0.205778   0.177948   
-0.358521   0.114921   -0.239178   
-0.279951   0.403995   -0.334851   
-0.147765   -0.198462   -0.318385   
0.215144   0.3455   0.454082   
0.019691   -0.222818   -0.143134   
-0.414651   -0.337001   0.060204   
-0.0144706   -0.398187   0.211407   
-0.397817   0.303322   -0.0366773   
0.0490101   0.228994   -0.00475207   
0.381543   -0.274618   0.0136922   
0.30119   -0.124265   -0.378047   
-0.488838   0.213153   -0.452556   
-0.248431   0.0752596   -0.00739668   
-0.0901743   0.472765   0.00721454   
0.00126862   0.428836   -0.436681   
0.239389   -0.320918   -0.407708   
-0.135157   -0.0638627   0.172229   
-0.0712886   -0.148242   0.493627   
-0.14111   0.206335   0.124102   
0.230305   0.238084   -0.14894   
0.378885   -0.282597   -0.206053   
0.450713   0.0577195   -0.290861   
-0.423885   0.446413   0.176005   
0.375229   -0.0896707   -0.137117   
0.238948   -0.170582   0.321629   
-0.201125   -0.390768   0.112294   
0.451967   -0.229126   0.206403   
-0.253267   -0.226827   -0.491368   
0.435566   -0.467145   -0.332988   
0.332107   0.431732   -0.16735   
-0.205866   -0.470746   -0.172805   
-0.201054   -0.0468891   0.381469   
-0.138852   0.255164   -0.0846542   
0.371823   -0.029566   0.087178   
0.410551   -0.0744552   0.413672   
-0.0504101   0.396236   -0.178931   
0.20013   -0.175628   -0.00488256   
-0.344565   0.460972   0.361401   
0.385975   -0.301899   0.434767   
0.0491228   0.435044   0.374123   
-0.164546   0.439546   0.252344   
