-0.373963   -0.493453   -0.469772   
-0.228275   -0.319501   -0.466745   
-0.406647   -0.333676   -0.311387   
-0.227928   -0.474336   -0.299835   
-0.0634217   -0.478436   -0.460565   
0.109172   -0.310028   -0.446779   
-0.0634521   -0.326915   -0.297578   
0.119137   0.493054   -0.323812   
0.285   0.489336   -0.457028   
0.436925   -0.326634   -0.463333   
0.29396   -0.323816   -0.291826   
0.445903   -0.495612   -0.307888   
-0.398849   -0.150818   -0.468613   
-0.230105   0.0252479   -0.470877   
-0.395545   0.0156339   -0.334444   
-0.230754   -0.179569   -0.280368   
-0.0791218   -0.143348   -0.437449   
0.121319   -0.0359611   -0.455455   
-0.0497984   0.00993007   -0.281823   
0.106721   -0.159984   -0.271868   
0.288354   -0.171239   -0.456992   
0.42924   0.00251053   -0.471159   
0.284819   0.00415138   -0.292079   
0.43276   -0.157527   -0.272728   
-0.361222   0.179804   -0.497185   
-0.209696   0.343065   -0.464138   
-0.392423   0.35408   -0.298827   
-0.235012   0.17518   -0.313596   
-0.0257099   0.15981   -0.460917   
0.123406   0.320281   -0.460519   
-0.0434683   0.31828   -0.301365   
0.116883   0.1578   -0.297117   
0.269621   0.181523   -0.465516   
0.445632   0.340322   -0.485395   
0.305372   0.326615   -0.314791   
0.442641   0.162729   -0.317516   
-0.393435   -0.48801   -0.137523   
-0.214424   -0.356801   -0.120996   
-0.390753   -0.325297   0.027883   
-0.195326   0.496549   0.0297315   
-0.043239   0.488227   -0.167066   
0.095843   -0.338472   -0.140485   
-0.0500551   -0.323337   0.0187508   
0.0842677   0.49285   0.0219608   
0.259618   -0.499859   -0.131143   
0.43596   -0.328041   -0.117495   
0.270396   -0.32057   0.0341498   
0.441767   -0.490387   0.0443626   
-0.387084   -0.180766   -0.125928   
-0.256931   0.0196939   -0.149288   
-0.398846   0.000903347   0.042789   
-0.24572   -0.159821   0.0431151   
-0.0743088   -0.144708   -0.135477   
0.108319   0.0100661   -0.133261   
-0.0872544   -0.00921288   0.0365938   
0.100737   -0.161892   0.00316068   
0.275947   -0.141609   -0.125573   
0.453404   0.0220178   -0.120922   
0.284526   -0.0022532   0.0471095   
0.439494   -0.145719   0.0380979   
-0.401318   0.178818   -0.113163   
-0.212595   0.343314   -0.146434   
-0.387578   0.33435   0.0419746   
-0.221244   0.162905   0.0482531   
-0.0788121   0.173841   -0.134968   
0.134673   0.332647   -0.169586   
-0.044682   0.320991   0.0227976   
0.0982293   0.152171   0.0358392   
0.270941   0.16165   -0.128409   
0.430608   0.338572   -0.128288   
0.254532   0.344537   0.0350035   
0.43261   0.171339   0.047512   
-0.385969   -0.492526   0.195019   
-0.223   -0.337839   0.199978   
-0.391446   -0.30927   0.370957   
-0.219169   -0.492132   0.352038   
-0.0534583   -0.493297   0.207973   
0.0970214   -0.329296   0.198872   
-0.0626224   -0.323395   0.366496   
0.10625   -0.4774   0.391833   
0.246858   -0.49051   0.196389   
0.451127   -0.321863   0.205627   
0.293017   -0.329256   0.363934   
0.446059   -0.497169   0.380075   
-0.394723   -0.158525   0.213069   
-0.23636   -0.00045775   0.203319   
-0.38325   0.00209892   0.376721   
-0.214642   -0.136287   0.369731   
-0.0472947   -0.166404   0.182029   
0.11646   -0.0067959   0.187078   
-0.0229416   -0.00816619   0.350303   
0.11369   -0.187371   0.374997   
0.282711   -0.160255   0.202411   
0.444266   0.000389069   0.20851   
0.267633   7.79552e-05   0.389514   
0.445836   -0.162244   0.363616   
-0.408392   0.167491   0.214632   
-0.197604   0.336279   0.199834   
-0.373481   0.344391   0.362556   
-0.183518   0.170499   0.357399   
-0.0401979   0.164873   0.190939   
0.112666   0.336223   0.194047   
-0.0404276   0.368087   0.385182   
0.123933   0.191645   0.370918   
0.261879   0.175634   0.195816   
0.446982   0.347446   0.200493   
0.280737   0.343392   0.36813   
0.415916   0.164039   0.367321   
