-0.156941   -0.428881   -0.032309   
-0.329386   -0.378437   -0.195517   
-0.0360897   0.129761   -0.0683105   
-0.38683   -0.0128188   0.0795573   
-0.053513   -0.0849099   0.312868   
0.245269   -0.479099   -0.091439   
0.0246579   0.115556   0.447281   
-0.0520303   0.174946   0.445595   
-0.0338894   0.450658   0.391166   
0.0192787   -0.0519901   0.0241291   
-0.13007   0.229293   0.487658   
0.40113   -0.153964   -0.22633   
-0.295725   -0.1491   0.0936452   
0.269708   -0.251608   0.260131   
0.224002   -0.00933928   -0.305174   
0.161239   -0.368504   -0.458425   
0.0681663   -0.485499   -0.189297   
0.347526   0.291409   0.463373   
0.000306927   -0.489538   -0.393856   
-0.396871   0.351873   0.221   
0.400561   0.309134   0.296755   
-0.131708   -0.22159   -0.407149   
0.458778   0.378815   -0.0100447   
-0.188551   0.296183   -0.487037   
-0.241061   0.0516002   0.206197   
-0.271772   -0.312188   0.023609   
0.27711   -0.465246   0.272454   
0.451615   0.273355   0.429025   
0.466631   -0.283675   0.281545   
0.331198   -0.196425   -0.3996   
0.118058   0.10175   0.102994   
0.25502   -0.0817142   -0.0795652   
0.463053   0.182651   -0.0044452   
-0.461991   0.436513   0.0964322   
-0.437735   0.150072   0.0084962   
0.279863   -0.0959261   -0.463854   
-0.484272   0.431843   -0.081621   
0.344805   0.116502   -0.0887838   
0.416576   -0.158436   -0.497285   
0.0518446   -0.213655   0.175815   
-0.048238   0.316612   -0.197767   
-0.129498   -0.292805   -0.360266   
-0.374588   0.170593   0.329014   
0.113476   -0.0355601   0.0551455   
-0.149862   0.31849   0.220487   
-0.321315   0.204219   -0.249473   
-0.262318   -0.037273   -0.464595   
-0.389667   -0.25738   -0.328986   
0.306241   0.499923   -0.175309   
-0.208192   0.061401   -0.0749422   
0.0825302   0.464786   -0.349736   
0.210956   -0.410931   0.450242   
-0.239456   -0.375582   -0.39549   
-0.302979   -0.469585   0.436317   
-0.234476   0.414283   0.0760041   
0.113732   0.151395   -0.441494   
-0.469699   -0.0129635   -0.267571   
-0.20546   -0.478038   0.436681   
-0.039272   0.247696   0.419271   
-0.3498   -0.286556   -0.449359   
0.340493   -0.18421   0.270702   
-0.0847326   -0.0700796   0.421391   
0.222716   0.429437   0.244274   
0.228337   -0.126845   -0.207117   
0.252229   0.405281   -0.264596   
-0.148463   0.131843   -0.244892   
0.299225   -0.0669413   -0.311491   
-0.0303251   0.0174487   0.426051   
0.112438   -0.154348   -0.100515   
0.274088   -0.391295   -0.468961   
0.00125431   0.286122   0.490859   
0.366992   0.295868   0.0683245   
0.38738   0.178718   -0.00433981   
-0.159126   0.413545   -0.00808136   
0.24323   -0.282957   -0.182901   
-0.394055   -0.488112   0.221876   
-0.406761   -0.187838   -0.420416   
-0.494937   0.38682   0.207667   
0.18176   -0.297389   0.424006   
0.281744   0.146062   -0.264251   
0.166864   0.210537   -0.0874687   
-0.172264   0.289085   -0.108592   
0.186396   -0.260294   -0.0933577   
0.304197   0.131342   0.431128   
0.316432   0.186418   -0.0333056   
-0.129703   -0.11139   -0.282406   
-0.24671   -0.141551   -0.423354   
-0.149563   -0.394157   0.263166   
0.172742   0.444307   -0.139007   
-0.326162   0.308148   0.0362472   
0.401801   -0.450259   -0.147584   
0.397921   -0.344011   0.0635816   
-0.158871   0.0458037   -0.00506714   
-0.195633   -0.105029   0.135922   
-0.0502552   0.301302   0.00937215   
0.266361   0.111848   -0.188056   
-0.415037   -0.0910224   -0.408529   
-0.373626   -0.254145   0.264273   
0.417408   -0.0468188   0.430733   
-0.114119   -0.31611   -0.174338   
-0.211915   -0.00435731   0.441666   
-0.188621   -0.176371   -0.467406   
0.266249   0.0648386   -0.0877354   
-0.182156   0.0454171   -0.419995   
0.075087   0.209485   0.31698   
0.208155   0.481417   0.299974   
-0.237167   0.273991   0.163694   
0.44525   0.193663   0.360852   
