2000            0.064633

                   0                   0                   0
                   1                   0                   0
                   2                   0                   0
                   3                   0                   0
                   4                   0                   0
                   5                   0                   0
                   6                   0                   0
                   7                   0                   0
                   8                   0                   0
                   9                   0                   0
                  10                   0                   0
                  11                   0                   0
                  12                   0                   0
                  13          0.00100279         0.000121447
                  14            0.146354          0.00198991
                  15             1.05597          0.00430006
                  16             2.03061          0.00723816
                  17             2.27285           0.0129566
                  18             2.09313          0.00628122
                  19             1.83281          0.00457975
                  20             1.61365          0.00648288
                  21             1.44874          0.00493859
                  22             1.33656          0.00504908
                  23             1.24982          0.00348459
                  24             1.19085           0.0026562
                  25             1.14181          0.00376694
                  26             1.11504          0.00303727
                  27             1.09133           0.0022566
                  28             1.07471          0.00313669
                  29             1.06789          0.00257055
                  30             1.06386          0.00271595
                  31             1.05994          0.00286566
                  32             1.05623          0.00187574
                  33             1.05172          0.00292301
                  34             1.04397          0.00227613
                  35             1.04144          0.00186467
                  36             1.03708          0.00199968
                  37              1.0349           0.0023646
                  38             1.02805          0.00153699
                  39             1.02306          0.00209447
                  40             1.01709          0.00194386
                  41             1.01182          0.00201731
                  42             1.01417          0.00171626
                  43             1.00661          0.00243925
                  44             1.00448          0.00174703
                  45             1.00105           0.0019953
                  46             1.00428          0.00128893
                  47            0.999627          0.00164369
                  48            0.999924          0.00181134
                  49            0.997863          0.00145417
                  50            0.996711          0.00127987
                  51            0.995778          0.00156344
                  52            0.995479          0.00136893
                  53             0.99343          0.00113587
                  54            0.992503          0.00122037
                  55            0.994456          0.00138198
                  56            0.991127          0.00143317
                  57            0.992111          0.00131999
                  58             0.99224          0.00123936
                  59             0.99067         0.000845956
                  60            0.990886          0.00112339
                  61            0.990271         0.000820821
                  62            0.990206          0.00101186
                  63            0.989334           0.0011834
                  64            0.989886          0.00114801
                  65            0.989129         0.000954017
                  66            0.989256          0.00108445
                  67            0.986608          0.00139888
                  68            0.987172          0.00101612
                  69            0.986839         0.000947562
                  70             0.98809         0.000891345
                  71            0.988601          0.00123093
                  72            0.986032          0.00090778
                  73            0.987467         0.000896481
                  74            0.985786         0.000647087
                  75             0.98693         0.000890606
                  76            0.985052         0.000843826
                  77            0.988437          0.00056406
                  78            0.989264         0.000801694
                  79            0.987115         0.000744026
                  80             0.98705         0.000733893
                  81            0.985755          0.00118732
                  82            0.985148         0.000930382
                  83            0.985718         0.000946194
                  84            0.986511         0.000719927
                  85            0.984766         0.000866323
                  86            0.984868         0.000811703
                  87            0.986397         0.000768043
                  88             0.98597         0.000907643
                  89            0.985849           0.0007126
                  90            0.984963         0.000846707
                  91            0.985578          0.00077517
                  92            0.986071         0.000820259
                  93             0.98553         0.000693643
                  94            0.985953         0.000782679
                  95            0.985862         0.000864363
                  96            0.986843         0.000925525
                  97            0.986077         0.000779449
                  98            0.985396          0.00105247
                  99            0.984488         0.000848526
