                   1          -7.5561372          -7.5561372                   0
                   2          -7.5550799          -7.5556086       0.00052867094
                   3          -7.5529032          -7.5547068       0.00095204945
                   4          -7.5367938          -7.5502285        0.0045285663
                   5           -7.553645          -7.5509118        0.0035737412
                   6          -7.5442517          -7.5498018        0.0031219479
                   7          -7.5499818          -7.5498275        0.0026386528
                   8          -7.5660895          -7.5518603        0.0030584224
                   9          -7.5489024          -7.5515316        0.0027172238
                  10          -7.5478593          -7.5511644        0.0024579467
                  11          -7.5472043          -7.5508044        0.0022522555
                  12          -7.5591481          -7.5514997        0.0021704069
                  13          -7.5481725          -7.5512437        0.0020128222
                  14          -7.5403292          -7.5504641        0.0020200154
                  15          -7.5448718          -7.5500913        0.0019171331
                  16          -7.5416614          -7.5495644        0.0018691081
                  17          -7.5553654          -7.5499057        0.0017885741
                  18          -7.5415248          -7.5494401        0.0017493823
                  19          -7.5489594          -7.5494148        0.0016549434
                  20          -7.5339805          -7.5486431        0.0017494278
