2500           0.0256496

                   0                   0                   0
                   1                   0                   0
                   2                   0                   0
                   3                   0                   0
                   4                   0                   0
                   5                   0                   0
                   6                   0                   0
                   7                   0                   0
                   8                   0                   0
                   9                   0                   0
                  10                   0                   0
                  11                   0                   0
                  12                   0                   0
                  13                   0                   0
                  14                   0                   0
                  15                   0                   0
                  16                   0                   0
                  17                   0                   0
                  18                   0                   0
                  19                   0                   0
                  20                   0                   0
                  21                   0                   0
                  22                   0                   0
                  23                   0                   0
                  24                   0                   0
                  25                   0                   0
                  26                   0                   0
                  27                   0                   0
                  28                   0                   0
                  29                   0                   0
                  30                   0                   0
                  31                   0                   0
                  32                   0                   0
                  33         2.33427e-05         1.07104e-05
                  34          0.00132789         5.90642e-05
                  35           0.0243795         0.000363983
                  36            0.166398          0.00130908
                  37            0.566225          0.00237448
                  38             1.20156           0.0037646
                  39             1.86667          0.00355705
                  40             2.34151          0.00289847
                  41             2.55543          0.00259851
                  42             2.54735          0.00324906
                  43             2.41361          0.00250058
                  44             2.20072          0.00267645
                  45             1.97481          0.00274963
                  46             1.75271          0.00225339
                  47             1.55544          0.00263001
                  48             1.39007           0.0027567
                  49             1.24314          0.00232582
                  50             1.12376          0.00177639
                  51              1.0234          0.00133641
                  52            0.937985          0.00198438
                  53            0.868455          0.00171921
                  54             0.81507          0.00167934
                  55             0.77179          0.00165639
                  56               0.735          0.00098052
                  57            0.710479          0.00138289
                  58            0.689884          0.00164883
                  59            0.677788          0.00149054
                  60            0.672878          0.00226492
                  61            0.671374           0.0017013
                  62             0.67516          0.00175848
                  63            0.686467          0.00164493
                  64            0.702157          0.00165545
                  65            0.722012          0.00148983
                  66            0.748863          0.00172519
                  67            0.781766          0.00170031
                  68            0.815899          0.00165671
                  69            0.854211          0.00151499
                  70            0.895044          0.00137301
                  71             0.93755          0.00135173
                  72            0.977985          0.00146848
                  73             1.02033          0.00120705
                  74             1.05839          0.00166642
                  75             1.09804          0.00170961
                  76             1.13271          0.00154184
                  77             1.16296          0.00161334
                  78             1.18876          0.00164711
                  79             1.20505          0.00125672
                  80             1.21458          0.00167711
                  81             1.21535          0.00170712
                  82             1.20894          0.00131556
                  83             1.19561          0.00153062
                  84             1.17481          0.00146588
                  85             1.15013          0.00170694
                  86             1.12297          0.00152408
                  87             1.09311          0.00116207
                  88             1.06563          0.00135442
                  89             1.03761          0.00152732
                  90              1.0106          0.00123734
                  91            0.985001          0.00130138
                  92            0.963691          0.00146495
                  93            0.944922          0.00128089
                  94            0.929832          0.00157435
                  95            0.916872          0.00152581
                  96            0.907056          0.00131499
                  97            0.893565          0.00136135
                  98            0.884688          0.00141874
                  99            0.884978          0.00147101
