                   1           1.4348832           1.4348832                   0
                   2           1.5069472           1.4709152          0.03603202
                   3           1.3652149           1.4356818          0.04091653
                   4           1.4327684           1.4349534         0.028941522
                   5           1.4215684           1.4322764         0.022577276
                   6           1.4622249           1.4372678         0.019098077
                   7           1.2922578           1.4165521         0.026261517
                   8           1.3773922           1.4116571          0.02326395
                   9           1.2944226           1.3986311         0.024302679
                  10           1.4797435           1.4067423         0.023201044
                  11           1.4534839           1.4109915         0.021412003
                  12           1.4561654            1.414756           0.0199056
                  13           1.4291417           1.4158626         0.018343897
                  14           1.4533471           1.4185401          0.01719291
                  15           1.2963581           1.4103946         0.017959174
                  16           1.4047023           1.4100389         0.016803036
                  17           1.4584436           1.4128862         0.016038473
                  18           1.3933194           1.4117991          0.01516024
                  19           1.3855141           1.4104157         0.014406728
                  20           1.4324799           1.4115189         0.013711874
