                   1           7.5620835           7.5620835                   0
                   2           7.5776344           7.5698589        0.0077754223
                   3           7.4973846           7.5457008         0.024571657
                   4           7.5756179           7.5531801         0.018916202
                   5           7.6481249           7.5721691          0.02398488
                   6            7.561852           7.5704495         0.019658918
                   7           7.5998452           7.5746489         0.017137298
                   8           7.5734296           7.5744965         0.014842118
                   9            7.527096           7.5692298         0.014109354
                  10           7.5118882           7.5634956         0.013861446
                  11           7.6052672            7.567293         0.013100594
                  12           7.5989067           7.5699275         0.012245887
                  13           7.6046474           7.5725983         0.011576858
                  14           7.5370176           7.5700568         0.011015286
                  15           7.5060461           7.5657894         0.011107152
                  16           7.5976592           7.5677813            0.010579
                  17           7.5982478           7.5695734         0.010097551
                  18           7.5812312           7.5702211        0.0095420667
                  19           7.6263962           7.5731777         0.009497795
                  20           7.6523121           7.5771344        0.0098408809
