                   1         0.048933632         0.048933632                   0
                   2         0.048692453         0.048813043       0.00012058946
                   3         0.049156226         0.048927437       0.00013391551
                   4         0.048700891           0.0488708       0.00011033757
                   5         0.048868749          0.04887039       8.5468099e-05
                   6          0.04889674         0.048874782       6.9922463e-05
                   7         0.048945591         0.048884897       5.9954792e-05
                   8         0.048892094         0.048885797       5.1930166e-05
                   9         0.049276709         0.048929232       6.3119203e-05
                  10         0.048675632         0.048903872       6.1889848e-05
                  11         0.048714538          0.04888666       5.8567775e-05
                  12          0.04878139         0.048877887       5.4179727e-05
                  13         0.048996728         0.048887029       5.0669565e-05
                  14         0.049280744         0.048915151       5.4694688e-05
                  15         0.048677809         0.048899328       5.3319822e-05
                  16         0.048741945         0.048889492       5.0836837e-05
                  17         0.049139612         0.048904205       4.9968087e-05
                  18           0.0489301         0.048905643       4.7132324e-05
                  19         0.049021708         0.048911752       4.4999267e-05
                  20         0.048753282         0.048903829       4.3419147e-05
