                   1          -5.4552367          -5.4552367                   0
                   2          -5.4409784          -5.4481075        0.0071291741
                   3          -5.4699152          -5.4553768        0.0083536471
                   4          -5.4592219          -5.4563381        0.0059846277
                   5            -5.45923          -5.4569164        0.0046716155
                   6          -5.4517631          -5.4560576        0.0039098606
                   7          -5.4888702          -5.4607451        0.0057351723
                   8          -5.4705158          -5.4619664        0.0051147666
                   9          -5.4885681          -5.4649222        0.0053929346
                  10          -5.4490113          -5.4633311        0.0050792281
                  11          -5.4650591          -5.4634882        0.0045970197
                  12          -5.4536672          -5.4626698        0.0042755465
                  13          -5.4555559          -5.4621225        0.0039708184
                  14           -5.448506          -5.4611499        0.0038027462
                  15          -5.4886142          -5.4629809        0.0039856171
                  16          -5.4654251          -5.4631336        0.0037313318
                  17          -5.4528187          -5.4625269        0.0035571077
                  18          -5.4636564          -5.4625896        0.0033542603
                  19          -5.4738746          -5.4631836        0.0032279266
                  20           -5.460321          -5.4630404        0.0030656231
