2500           0.0230664

                   0                   0                   0
                   1                   0                   0
                   2                   0                   0
                   3                   0                   0
                   4                   0                   0
                   5                   0                   0
                   6                   0                   0
                   7                   0                   0
                   8                   0                   0
                   9                   0                   0
                  10                   0                   0
                  11                   0                   0
                  12                   0                   0
                  13                   0                   0
                  14                   0                   0
                  15                   0                   0
                  16                   0                   0
                  17                   0                   0
                  18                   0                   0
                  19                   0                   0
                  20                   0                   0
                  21                   0                   0
                  22                   0                   0
                  23                   0                   0
                  24                   0                   0
                  25                   0                   0
                  26                   0                   0
                  27                   0                   0
                  28                   0                   0
                  29                   0                   0
                  30                   0                   0
                  31                   0                   0
                  32                   0                   0
                  33                   0                   0
                  34                   0                   0
                  35                   0                   0
                  36                   0                   0
                  37                   0                   0
                  38         0.000103097         2.02168e-05
                  39          0.00349796         0.000114321
                  40            0.047588         0.000310595
                  41            0.292161          0.00139632
                  42             1.00377          0.00302379
                  43             2.23451          0.00323649
                  44             3.62397          0.00430284
                  45             4.62193           0.0029885
                  46             4.89719          0.00490539
                  47             4.49914          0.00558275
                  48             3.66258          0.00431857
                  49             2.69922          0.00337084
                  50             1.81552          0.00118605
                  51             1.13091          0.00145152
                  52            0.651469          0.00218893
                  53            0.351218           0.0015158
                  54            0.178272          0.00128822
                  55           0.0871157         0.000950803
                  56           0.0484021          0.00054348
                  57           0.0411596         0.000535473
                  58           0.0595995         0.000660903
                  59            0.104709         0.000836994
                  60            0.183715          0.00093308
                  61            0.299437         0.000853487
                  62            0.453277         0.000680721
                  63            0.629579          0.00083404
                  64            0.798461          0.00140232
                  65            0.923914          0.00142295
                  66            0.971717          0.00194793
                  67            0.930577          0.00166515
                  68            0.809177          0.00135934
                  69            0.641079         0.000688902
                  70            0.465163         0.000855948
                  71            0.316361         0.000848084
                  72            0.218316          0.00113181
                  73            0.190334          0.00116927
                  74            0.252345          0.00154725
                  75            0.431609          0.00181733
                  76            0.746254          0.00183945
                  77              1.1951          0.00169655
                  78             1.72595          0.00106736
                  79             2.23754          0.00195486
                  80             2.60068          0.00257988
                  81             2.72091          0.00334748
                  82             2.56304          0.00385696
                  83             2.18677          0.00226113
                  84             1.69061          0.00133811
                  85             1.19781          0.00156909
                  86            0.799059          0.00195412
                  87            0.538892          0.00184326
                  88            0.431177          0.00180015
                  89            0.458225           0.0013961
                  90            0.586003          0.00120381
                  91            0.757131         0.000677131
                  92            0.916898         0.000891706
                  93             1.01712           0.0014183
                  94             1.02525          0.00134237
                  95            0.920777          0.00104683
                  96            0.780848         0.000745712
                  97            0.652818         0.000925572
                  98            0.569132          0.00162491
                  99            0.571216           0.0018303
