                   1          -0.4139333          -0.4139333                   0
                   2         -0.41133679         -0.41263505        0.0012982596
                   3         -0.41315109         -0.41280706        0.0007690353
                   4         -0.41470445         -0.41328141       0.00072160483
                   5         -0.41718278         -0.41406168       0.00095982164
                   6         -0.41843776         -0.41479103        0.0010705691
                   7         -0.41795171         -0.41524256        0.0010112028
                   8         -0.41207751         -0.41484692       0.00096094841
                   9         -0.41588605         -0.41496238       0.00085530555
                  10         -0.41423528         -0.41488967        0.0007684561
                  11         -0.41304328         -0.41472182       0.00071507458
                  12         -0.41617217         -0.41484268       0.00066386555
                  13         -0.41593535         -0.41492673       0.00061642475
                  14         -0.41228682         -0.41473817        0.0006010438
                  15         -0.41121139         -0.41450305       0.00060693253
                  16         -0.41046605         -0.41425074        0.0006212752
                  17         -0.41707289         -0.41441675       0.00060673886
                  18         -0.41622737         -0.41451734       0.00058081565
                  19         -0.41013063         -0.41428646       0.00059593777
                  20          -0.4151345         -0.41432886       0.00056694408
