                 0.5            0.269948           0.0108247
               0.575            0.452078          0.00689266
                0.65            0.520509          0.00324762
               0.725            0.521335          0.00261856
                 0.8            0.499609          0.00250989
               0.875            0.474656          0.00171878
                0.95            0.453162          0.00140207
               1.025            0.433136          0.00151002
                 1.1            0.409503           0.0010845
               1.175             0.38739         0.000832818
                1.25             0.36397         0.000494569
               1.325             0.34375          0.00045243
                 1.4            0.322762         0.000486891
               1.475            0.302879         0.000417171
                1.55            0.284436         0.000416599
               1.625            0.267353         0.000279962
                 1.7            0.250898         0.000265377
               1.775             0.23585         0.000272934
                1.85            0.221934         0.000297901
               1.925            0.209052         0.000316924
                   2            0.197141         0.000285517
