                 0.5            0.882496          0.00983345
               0.575            0.733791           0.0109985
                0.65            0.552974          0.00862526
               0.725            0.397428          0.00688452
                 0.8            0.292881          0.00650233
               0.875             0.22125          0.00364004
                0.95            0.170867          0.00242709
               1.025            0.135082          0.00151947
                 1.1            0.110485          0.00164542
               1.175           0.0921281          0.00142475
                1.25           0.0777791          0.00106314
               1.325           0.0661302          0.00114869
                 1.4           0.0579171         0.000881745
               1.475           0.0520227         0.000846736
                1.55           0.0460964         0.000921147
               1.625           0.0418148         0.000929348
                 1.7           0.0377631         0.000803283
               1.775           0.0348194          0.00066465
                1.85           0.0318104         0.000588434
               1.925           0.0289086          0.00057102
                   2            0.026546         0.000527256
