                 0.5              88.482            0.520366
               0.575             63.7072            0.602215
                0.65             42.4544             0.43538
               0.725             27.7366             0.28756
                 0.8             18.5752             0.15317
               0.875             13.1376           0.0890761
                0.95             9.78776           0.0582282
               1.025             7.58022           0.0376423
                 1.1             6.04493           0.0291507
               1.175             4.95763           0.0234139
                1.25             4.14692           0.0170975
               1.325             3.55285           0.0149112
                 1.4             3.07497            0.012123
               1.475             2.70827            0.008702
                1.55             2.39784          0.00714399
               1.625              2.1501          0.00642603
                 1.7             1.94216          0.00554419
               1.775             1.76858            0.004923
                1.85             1.61764          0.00522556
               1.925             1.49034          0.00425853
                   2             1.37517          0.00359503
