                 0.5            0.256366          0.00523601
               0.575            0.450788          0.00447235
                0.65            0.525022          0.00209116
               0.725            0.521537           0.0028463
                 0.8            0.494653          0.00221874
               0.875            0.475216          0.00200673
                0.95            0.455241          0.00106713
               1.025            0.430755          0.00115861
                 1.1            0.410575         0.000852974
               1.175            0.386935         0.000654956
                1.25            0.364277         0.000645587
               1.325            0.343514         0.000540434
                 1.4             0.32265         0.000425064
               1.475            0.301494         0.000649361
                1.55            0.283686         0.000448579
               1.625            0.266871         0.000292748
                 1.7            0.250415         0.000432231
               1.775            0.235856         0.000327247
                1.85            0.222026         0.000369387
               1.925            0.208886         0.000391701
                   2            0.197426         0.000283022
