                 0.5             89.0383            0.272456
               0.575             63.8775            0.367043
                0.65             42.4722            0.240778
               0.725             27.5926            0.179493
                 0.8             18.4616            0.123422
               0.875             13.0395           0.0764956
                0.95             9.76519           0.0474116
               1.025             7.56146           0.0388995
                 1.1             6.05822           0.0214895
               1.175             4.96273           0.0162442
                1.25             4.16472           0.0176536
               1.325             3.56244          0.00998982
                 1.4             3.09377           0.0113316
               1.475             2.71189          0.00553452
                1.55             2.40442           0.0080732
               1.625             2.16349          0.00680396
                 1.7             1.94874          0.00358647
               1.775             1.77491          0.00425188
                1.85             1.61902          0.00366004
               1.925             1.48297          0.00375197
                   2             1.37923          0.00320385
