                 0.5            -1.00301         0.000777425
               0.575           -0.976028         0.000962391
                0.65           -0.939404          0.00082693
               0.725           -0.900009         0.000605031
                 0.8           -0.861759         0.000502355
               0.875           -0.824951         0.000336012
                0.95           -0.789647          0.00037094
               1.025           -0.756237         0.000370732
                 1.1           -0.724694         0.000299205
               1.175           -0.694616         0.000264358
                1.25           -0.666371         0.000255737
               1.325           -0.639993           0.0002291
                 1.4           -0.614986         0.000201551
               1.475           -0.591807         0.000231449
                1.55           -0.569777         0.000217069
               1.625           -0.549287         0.000207242
                 1.7           -0.529909         0.000215574
               1.775           -0.511654         0.000220952
                1.85           -0.494381         0.000191495
               1.925           -0.478219          0.00020049
                   2           -0.462833         0.000204273
