                 0.5            -1.00386         0.000407311
               0.575           -0.976181         0.000632052
                0.65           -0.939409         0.000383764
               0.725           -0.899679         0.000405469
                 0.8           -0.861562         0.000386193
               0.875           -0.824934         0.000299763
                0.95           -0.790206         0.000289827
               1.025            -0.75685         0.000319109
                 1.1           -0.724927         0.000276077
               1.175           -0.695111         0.000244283
                1.25           -0.666819         0.000215184
               1.325           -0.640307         0.000248206
                 1.4           -0.615176         0.000235377
               1.475           -0.591887         0.000145928
                1.55            -0.56996         0.000155223
               1.625           -0.549319         0.000179231
                 1.7           -0.529955         0.000151202
               1.775           -0.511711         0.000130494
                1.85           -0.494481         0.000136617
               1.925              -0.478         0.000116646
                   2           -0.462872         0.000125375
