                 0.5            0.889727          0.00999369
               0.575            0.728817          0.00926321
                0.65            0.551375          0.00715814
               0.725            0.396421          0.00413657
                 0.8            0.290792           0.0043831
               0.875            0.217668          0.00282971
                0.95            0.169881          0.00198155
               1.025            0.136492          0.00244928
                 1.1             0.10952          0.00146725
               1.175            0.092659          0.00170289
                1.25           0.0798804         0.000911581
               1.325            0.068518          0.00115757
                 1.4           0.0592245         0.000744486
               1.475            0.054212         0.000748793
                1.55            0.047545          0.00094777
               1.625           0.0429949         0.000546982
                 1.7           0.0387561         0.000799632
               1.775           0.0358542         0.000648016
                1.85           0.0326562         0.000583149
               1.925           0.0291737         0.000653917
                   2           0.0276524         0.000598069
