                 0.5             0.32594          0.00570105
               0.575            0.413151          0.00343783
                0.65            0.429551          0.00275375
               0.725            0.437519          0.00224045
                 0.8            0.441096          0.00225046
               0.875            0.435956          0.00218254
                0.95            0.429486          0.00151616
               1.025            0.415229          0.00131598
                 1.1            0.397111          0.00091457
               1.175               0.379         0.000746861
                1.25             0.35806          0.00056133
               1.325            0.338104         0.000467656
                 1.4            0.318094         0.000387053
               1.475            0.299433         0.000405952
                1.55            0.281948         0.000389686
               1.625            0.265218         0.000290516
                 1.7            0.249248         0.000248724
               1.775            0.234394         0.000286933
                1.85            0.220818         0.000290919
               1.925               0.208         0.000310608
                   2            0.196476         0.000282144
