                 0.5           -0.974053         0.000453822
               0.575           -0.946452         0.000457324
                0.65            -0.91353          0.00040295
               0.725           -0.881631         0.000400158
                 0.8           -0.848683         0.000350739
               0.875           -0.815775         0.000279012
                0.95           -0.783284         0.000223963
               1.025           -0.751456         0.000297177
                 1.1           -0.720989          0.00027516
               1.175           -0.691606         0.000278125
                1.25           -0.663844         0.000237934
               1.325           -0.637875         0.000221151
                 1.4           -0.613107         0.000246054
               1.475           -0.590178         0.000184243
                1.55           -0.568602         0.000144304
               1.625           -0.547963         0.000182041
                 1.7           -0.528561          0.00017958
               1.775           -0.510509         0.000139417
                1.85           -0.493553         0.000118275
               1.925           -0.477238         0.000111723
                   2           -0.462196         0.000102113
