                 0.5             78.9797            0.416195
               0.575             52.1731            0.382345
                0.65             32.5413            0.222403
               0.725             21.8794            0.204923
                 0.8             15.2685            0.110413
               0.875             11.3045           0.0706353
                0.95             8.72278            0.045565
               1.025             6.82668           0.0329632
                 1.1             5.65066           0.0246239
               1.175             4.68994           0.0186992
                1.25             3.96742           0.0144705
               1.325             3.40288            0.012404
                 1.4             2.98098          0.00859573
               1.475             2.62094          0.00706238
                1.55             2.35015          0.00571381
               1.625             2.10715          0.00719442
                 1.7             1.90734          0.00552918
               1.775             1.74066          0.00470537
                1.85             1.59413           0.0047117
               1.925             1.46517          0.00431975
                   2              1.3592          0.00243316
