                 0.5          0.00174836            0.042642
               0.575           0.0128106           0.0111147
                0.65          -0.0170314          0.00916096
               0.725         -0.00052552          0.00489006
                 0.8         -0.00704312          0.00467517
               0.875          0.00236404          0.00291522
                0.95          0.00063188          0.00188074
               1.025          -0.0027214          0.00207022
                 1.1         -0.00082808          0.00160765
               1.175          0.00073656          0.00162615
                1.25          0.00049344          0.00112495
               1.325         -0.00088168           0.0011534
                 1.4          -0.0014266          0.00092819
               1.475          0.00033164         0.000988036
                1.55         -0.00036068         0.000952591
               1.625         -0.00027356         0.000692095
                 1.7         -0.00040736         0.000823754
               1.775         -0.00020528          0.00052652
                1.85          0.00015796          0.00078461
               1.925            0.000459         0.000645847
                   2         -0.00011236          0.00050235
