                 0.5           -0.974416         0.000672596
               0.575           -0.945756          0.00069661
                0.65           -0.914327         0.000551138
               0.725           -0.881721         0.000358524
                 0.8           -0.848819          0.00032258
               0.875           -0.815344         0.000316582
                0.95           -0.782739         0.000346145
               1.025           -0.751086         0.000339076
                 1.1             -0.7205         0.000279307
               1.175           -0.691416         0.000242726
                1.25            -0.66369          0.00020697
               1.325           -0.637549         0.000184536
                 1.4           -0.613087         0.000210814
               1.475           -0.590054         0.000217155
                1.55           -0.568324         0.000182043
               1.625           -0.547904         0.000173216
                 1.7           -0.528733         0.000197762
               1.775           -0.510528         0.000202515
                1.85           -0.493453         0.000188585
               1.925           -0.477359         0.000186068
                   2           -0.462128         0.000179957
