                 0.5             79.1626            0.647769
               0.575             51.4217            0.601698
                0.65             33.0612            0.392904
               0.725             21.8679            0.177408
                 0.8              15.325            0.114413
               0.875             11.1347           0.0784267
                0.95             8.68204           0.0651385
               1.025              6.8915           0.0390444
                 1.1             5.61507           0.0332273
               1.175             4.67588           0.0244083
                1.25             3.95664           0.0162334
               1.325             3.41439           0.0138341
                 1.4             2.97854           0.0118868
               1.475              2.6238            0.008093
                1.55             2.33767          0.00764301
               1.625             2.10176          0.00615132
                 1.7             1.90314          0.00520129
               1.775              1.7349          0.00500807
                1.85             1.59158          0.00517438
               1.925             1.46881          0.00386594
                   2             1.35887          0.00291181
