                 0.5            0.008748           0.0535338
               0.575          0.00801232           0.0269652
                0.65           0.0124304           0.0136408
               0.725          -0.0010696          0.00822754
                 0.8          0.00500428          0.00765119
               0.875          0.00018652           0.0041211
                0.95           0.0013682          0.00282197
               1.025         -0.00011664          0.00169643
                 1.1          0.00092932          0.00215354
               1.175         -0.00069092           0.0015851
                1.25         -0.00157456          0.00151806
               1.325         -0.00169068           0.0013432
                 1.4         -0.00156412          0.00126895
               1.475         -0.00028648          0.00110492
                1.55         -0.00023592          0.00101986
               1.625          -0.0003392          0.00088341
                 1.7         -0.00027388          0.00078597
               1.775          -6.388e-05         0.000693344
                1.85          0.00011476         0.000592254
               1.925         -0.00034008         0.000607533
                   2          -0.0004754         0.000508651
