                 0.5            0.329613          0.00389212
               0.575            0.411962          0.00263415
                0.65            0.426321          0.00240864
               0.725             0.43452          0.00221555
                 0.8            0.437722          0.00143306
               0.875            0.435887          0.00106869
                0.95            0.429964          0.00111146
               1.025            0.415223         0.000861494
                 1.1            0.397961         0.000695038
               1.175            0.377639         0.000674717
                1.25            0.358062         0.000615908
               1.325            0.338125         0.000596636
                 1.4            0.318439         0.000439429
               1.475            0.298758         0.000458052
                1.55            0.281572         0.000491626
               1.625            0.264822         0.000400234
                 1.7            0.249099         0.000380874
               1.775            0.234673         0.000306943
                1.85             0.22103         0.000292329
               1.925            0.207924         0.000335422
                   2             0.19668         0.000222026
